4294967294,1167
4294967294,1164
4294967294,1163
4294967294,1019
4294967294,992
4294967294,989
4294967294,988
4294967294,60
4294967294,50
4294967294,43
4294967294,427
4294967294,51
4294967294,52
4294967294,12
4294967294,1016
4294967294,27
4294967294,92
4294967294,88
4294967294,1098
4294967294,1418
4294967294,83
4294967278,214
4294967279,65
4294967279,63
4294967279,62
4294967279,61
4294967279,60
4294967279,58
4294967279,57
4294967279,56
4294967279,55
4294967279,54
4294967279,53
4294967279,51
4294967279,49
4294967279,48
4294967279,47
4294967279,46
4294967279,43
4294967279,41
4294967279,38
4294967279,37
4294967279,36
4294967279,35
4294967279,32
4294967279,31
4294967279,29
4294967279,28
4294967279,26
4294967279,24
4294967279,22
4294967279,21
4294967279,20
4294967279,18
4294967279,17
4294967279,16
4294967279,15
4294967279,12
4294967279,11
4294967294,5
4294967278,132
4294967278,131
4294967278,130
4294967278,432
4294967278,129
4294967278,379
4294967278,128
4294967278,127
4294967278,385
4294967278,126
4294967278,125
4294967278,124
4294967278,123
4294967278,122
4294967278,121
4294967278,120
4294967278,119
4294967278,118
4294967278,117
4294967278,116
4294967278,115
4294967278,114
4294967278,430
4294967278,113
4294967278,112
4294967278,111
4294967278,110
4294967278,109
4294967278,108
4294967278,107
4294967278,106
4294967278,105
4294967278,104
4294967278,103
4294967278,102
4294967278,101
4294967278,98
4294967278,96
4294967278,94
4294967278,93
4294967278,91
4294967278,87
4294967278,86
4294967278,84
4294967278,83
4294967278,82
4294967278,81
4294967278,80
4294967278,389
4294967278,79
4294967278,78
4294967278,77
4294967278,382
4294967278,76
4294967278,75
4294967278,391
4294967278,74
4294967278,72
4294967278,71
4294967278,70
4294967278,69
4294967278,260
4294967278,65
4294967278,63
4294967278,61
4294967279,321
4294967279,83
4294967279,81
4294967279,77
4294967279,75
4294967279,552
4294967279,74
4294967279,72
4294967279,281
4294967279,66
4294967279,64
4294967279,52
4294967279,50
4294967279,45
4294967279,42
4294967279,40
4294967279,39
4294967279,30
4294967279,27
4294967279,19
4294967279,14
4294967279,13
4294967279,7
4294967279,5
4294967279,318
4294967278,100
4294967278,387
4294967278,99
4294967279,251
4294967278,435
4294967278,97
4294967279,283
4294967279,351
4294967278,95
4294967278,356
4294967294,30
4294967294,1166
4294967294,1158
4294967294,990
4294967294,987
4294967278,205
4294967294,11
4294967294,68
4294967278,92
4294967279,204
4294967278,90
4294967278,338
4294967278,89
4294967294,6
701,5
701,4
701,3
701,2
701,1
4294967278,199
4294967279,536
4294967278,431
4294967278,85
4294967279,350
4294967278,73
4294967278,361
4294967279,259
4294967278,68
4294967279,59
4294967279,68
4294967278,67
4294967278,368
4294967279,312
4294967279,260
4294967294,1417
4294967294,996
4294967294,173
4294967294,421
4294967279,67
4294967278,66
4294967279,549
4294967278,64
4294967278,347
4294967278,62
4294967278,407
700,6
700,5
700,4
700,3
700,2
700,1
4294967279,137
4294967279,307
4294967278,427
4294967278,354
4294967278,165
4294967279,348
4294967279,44
4294967278,308
4294967294,511
697,5
697,4
697,3
697,2
697,1
4294967278,307
4294967279,25
4294967279,34
4294967279,289
4294967278,394
4294967279,33
4294967278,423
4294967278,139
696,6
696,5
4294967278,138
696,4
696,3
696,2
696,1
4294967279,527
4294967278,388
4294967279,346
4294967279,23
4294967278,323
4294967279,342
4294967278,133
4294967279,271
4294967279,310
4294967279,302
4294967278,367
4294967278,268
4294967278,267
4294967279,10
4294967279,222
4294967278,433
4294967279,9
4294967279,361
4294967278,398
4294967279,8
4294967279,548
4294967278,285
0,5
4294967278,262
4294967278,408
4294967279,6
4294967279,572
4294967279,4
4294967279,565
693,6
693,5
4294967279,564
693,4
693,3
693,2
693,1
4294967279,566
4294967279,518
4294967279,322
4294967279,517
4294967294,1013
4294967294,998
4294967279,515
4294967278,254
4294967279,514
4294967279,249
4294967279,248
4294967278,349
4294967278,0
4294967279,247
4294967279,241
4294967279,320
4294967279,239
4294967278,235
4294967278,337
4294967294,403
4294967294,448
4294967294,408
4294967278,218
690,7
4294967279,223
690,6
690,5
4294967279,221
690,4
690,3
690,2
690,1
4294967278,332
4294967279,213
4294967278,212
4294967279,328
4294967279,540
4294967279,0
4294967278,211
4294967278,210
4294967278,209
4294967279,209
4294967279,206
4294967278,208
4294967279,208
4294967278,207
4294967279,207
4294967278,206
4294967279,156
4294967279,345
4294967278,203
4294967278,202
4294967279,202
4294967278,201
4294967279,201
4294967279,200
4294967279,199
4294967279,198
4294967294,1
4294967294,1422
4294967278,194
4294967294,17
4294967294,41
4294967294,81
4294967294,1018
4294967294,26
4294967278,369
4294967294,67
4294967279,284
4294967294,436
4294967294,417
4294967294,25
4294967294,46
4294967294,1101
4294967278,189
4294967294,7
4294967294,93
4294967294,95
4294967293,131
4294967293,130
4294967293,129
4294967293,128
4294967293,127
4294967293,126
4294967293,125
4294967293,124
4294967293,123
4294967293,122
4294967293,121
4294967293,120
4294967293,119
4294967293,118
4294967293,117
4294967293,116
4294967293,115
4294967293,114
4294967293,113
4294967293,112
4294967293,111
4294967293,110
4294967293,109
4294967293,108
4294967293,107
4294967293,106
4294967293,105
4294967293,104
4294967293,103
4294967293,102
4294967293,101
4294967293,100
4294967293,99
4294967293,98
4294967293,97
4294967293,96
4294967293,95
4294967293,94
4294967293,93
4294967293,92
4294967293,91
4294967293,90
4294967293,89
4294967293,87
4294967293,86
4294967293,85
4294967293,84
4294967293,83
4294967293,82
4294967293,81
